Table: Correlations across measurement model specifications

|        | Model 1| Model 2| Model 3| Model 4| Model 5| Model 6| Model 7| Model 8|
|:-------|-------:|-------:|-------:|-------:|-------:|-------:|-------:|-------:|
|Model 1 |    1.00|    1.00|    0.99|    0.87|    1.00|    0.99|    0.99|    0.99|
|Model 2 |    1.00|    1.00|    0.99|    0.86|    0.99|    0.99|    0.99|    0.98|
|Model 3 |    0.99|    0.99|    1.00|    0.88|    1.00|    0.98|    0.97|    0.99|
|Model 4 |    0.87|    0.86|    0.88|    1.00|    0.88|    0.91|    0.87|    0.84|
|Model 5 |    1.00|    0.99|    1.00|    0.88|    1.00|    0.99|    0.98|    0.99|
|Model 6 |    0.99|    0.99|    0.98|    0.91|    0.99|    1.00|    0.99|    0.97|
|Model 7 |    0.99|    0.99|    0.97|    0.87|    0.98|    0.99|    1.00|    0.95|
|Model 8 |    0.99|    0.98|    0.99|    0.84|    0.99|    0.97|    0.95|    1.00|
